1150252359770544836877692757848303530233621636250842337455717461148559802933583279522527329654632933819650949049271575425459386884242923720353
10000000000000000000000000000000000000000000000000000000000000000000000000000000000000000000000000000000000000000000000000000000000000000000000
4542357939342516680070851270417610868664008073881866598232477404553394773290611575242166940904460826685097917588860945187938673827537759509794309
2388297797054238649530607129220651475687044202968108435434740118425915765478124985765617793731507845222949981689453125
1150252359770544836877692757848303530233621636250842337455717461148559802933583279522527329654632933819650949049271575425459386884242923720353
10000000000000000000000000000000000000000000000000000000000000000000000000000000000000000000000000000000000000000000000000000000000000000000000
4542357939342516680070851270417610868664008073881866598232477404553394773290611575242166940904460826685097917588860945187938673827537759509794309
2388297797054238649530607129220651475687044202968108435434740118425915765478124985765617793731507845222949981689453125
36164747926209458322573049114848493847130560518197580067604693123318832662178204856872957270522523188125524825540567325072490943469
203960780446523840571468920973262958511259950289545086079667265794860588333946097264226867417176375111491186398193775630716118030250072479248046875
377152712136764226850902319141752255855581394522141919528596649522051505994415819394593995263291702335322867016097574358377280544383250363282620416
20268310020793375501034836572791632673686434693919426470793529478128716651166439004708116081772977913512286699116324101441468819795310679857101
2360949183737245111045067319409683133623718989182341430546343731423454725884333829558442940967692277981307755173592419705153099987660535173742592
1150252359770544836877692757848303530233621636250842337455717461148559802933583279522527329654632933819650949049271575425459386884242923720353
2388297797054238649530607129220651475687044202968108435434740118425915765478124985765617793731507845222949981689453125
1150252359770544836877692757848303530233621636250842337455717461148559802933583279522527329654632933819650949049271575425459386884242923720353
10000000000000000000000000000000000000000000000000000000000000000000000000000000000000000000000000000000000000000000000000000000000000000000000
4542357939342516680070851270417610868664008073881866598232477404553394773290611575242166940904460826685097917588860945187938673827537759509794309
2388297797054238649530607129220651475687044202968108435434740118425915765478124985765617793731507845222949981689453125
1009070900075187879934194433318980336861560294920733696206957917126307891466567015160903161773357095564413691577856916049
100000000000000000000000000000000000000000000000000000000000000000000000
1150252359770544836877692757848303530233621636250842337455717461148559802933583279522527329654632933819650949049271575425459386884242923720353
8687216524793831391761887662955290832294802870128526465628840084181365421100000000000000000000000000000000000000000000000000000000000000000000000
1150252359770544836877692757848303530233621636250842337455717461148559802933583279522527329654632933819650949049271575425459386884242923720353
2388297797054238649530607129220651475687044202968108435434740118425915765478124985765617793731507845222949981689453125
1009070900075187879934194433318980336861560294920733696206957917126307891466567015160903161773357095564413691577856916049
1009070900075187879934194433318980336861560294920733696206957917126307891466567015160903161773357095564413691577856916049
1009070900075187879934194433318980336861560294920733696206957917126307891466567015160903161773357095564413691577856916049
2388297797054238649530607129220651475687044202968108435434740118425915765478124985765617793731507845222949981689453125
521012714424023368966436200317308960566942689057250809397937312105293460072620348837711158618279938536943518556654453277587890625
8687216524793831391761887662955290832294802870128526465628840084181365421100000000000000000000000000000000000000000000000000000000000000000000000
1150252359770544836877692757848303530233621636250842337455717461148559802933583279522527329654632933819650949049271575425459386884242923720353
2388297797054238649530607129220651475687044202968108435434740118425915765478124985765617793731507845222949981689453125
20268310020793375501034836572791632673686434693919426470793529478128716651166439004708116081772977913512286699116324101441468819795310679857101
203960780446523840571468920973262958511259950289545086079667265794860588333946097264226867417176375111491186398193775630716118030250072479248046875
377152712136764226850902319141752255855581394522141919528596649522051505994415819394593995263291702335322867016097574358377280544383250363282620416
20268310020793375501034836572791632673686434693919426470793529478128716651166439004708116081772977913512286699116324101441468819795310679857101
2360949183737245111045067319409683133623718989182341430546343731423454725884333829558442940967692277981307755173592419705153099987660535173742592
1150252359770544836877692757848303530233621636250842337455717461148559802933583279522527329654632933819650949049271575425459386884242923720353
2388297797054238649530607129220651475687044202968108435434740118425915765478124985765617793731507845222949981689453125
17277563704993856532212363451596447596623771700684409630436173949266784426333262575344791804129467839402142422442056841051
100000000000000000000000000000000000000000000000000000000000000000000000
4542357939342516680070851270417610868664008073881866598232477404553394773290611575242166940904460826685097917588860945187938673827537759509794309
20268310020793375501034836572791632673686434693919426470793529478128716651166439004708116081772977913512286699116324101441468819795310679857101
4898902730042051872642689279122579431013463856176079447196317380065446731549596432473253164132388158288150237960540518103469581602983630157099
2360949183737245111045067319409683133623718989182341430546343731423454725884333829558442940967692277981307755173592419705153099987660535173742592
203960780446523840571468920973262958511259950289545086079667265794860588333946097264226867417176375111491186398193775630716118030250072479248046875
2388297797054238649530607129220651475687044202968108435434740118425915765478124985765617793731507845222949981689453125
1009070900075187879934194433318980336861560294920733696206957917126307891466567015160903161773357095564413691577856916049
4235164736271501695341612503398209810256958007812500000000000000000000000000000000000000000000000000000000000000000000000
1009070900075187879934194433318980336861560294920733696206957917126307891466567015160903161773357095564413691577856916049
233414511933789892590004266681733673238652014588714652177319077277422807557007271035224425917484595699362862811003748352
2388297797054238649530607129220651475687044202968108435434740118425915765478124985765617793731507845222949981689453125
20268310020793375501034836572791632673686434693919426470793529478128716651166439004708116081772977913512286699116324101441468819795310679857101
203960780446523840571468920973262958511259950289545086079667265794860588333946097264226867417176375111491186398193775630716118030250072479248046875
377152712136764226850902319141752255855581394522141919528596649522051505994415819394593995263291702335322867016097574358377280544383250363282620416
20268310020793375501034836572791632673686434693919426470793529478128716651166439004708116081772977913512286699116324101441468819795310679857101
2360949183737245111045067319409683133623718989182341430546343731423454725884333829558442940967692277981307755173592419705153099987660535173742592
1150252359770544836877692757848303530233621636250842337455717461148559802933583279522527329654632933819650949049271575425459386884242923720353
2388297797054238649530607129220651475687044202968108435434740118425915765478124985765617793731507845222949981689453125
1009070900075187879934194433318980336861560294920733696206957917126307891466567015160903161773357095564413691577856916049
4235164736271501695341612503398209810256958007812500000000000000000000000000000000000000000000000000000000000000000000000
1009070900075187879934194433318980336861560294920733696206957917126307891466567015160903161773357095564413691577856916049
233414511933789892590004266681733673238652014588714652177319077277422807557007271035224425917484595699362862811003748352
2388297797054238649530607129220651475687044202968108435434740118425915765478124985765617793731507845222949981689453125
4235164736271501695341612503398209810256958007812500000000000000000000000000000000000000000000000000000000000000000000000
100000000000000000000000000000000000000000000000000000000000000000000000
